| 0 | 0 | 0 | 0 | 0 | 0 | 0 | 0 | 0 | 0 | 0 | 0 | 0 | 0 | 0 | 0 | 0 | 0 | 0 | 0 | 0 | 0 | 0 | 0 | 0 | 0 | 0 | 0 | 0 | 0 | 0 | 0 | 0 | 0 | 0 | 0 |
| 0 | 0 | 0 | 0 | 0 | 0 | 0 | 0 | 0 | 0 | 0 | 0 | 0 | 0 | 0 | 0 | 0 | 0 | 0 | 0 | 0 | 0 | 0 | 0 | 0 | 0 | 0 | 0 | 0 | 0 | 0 | 0 | 0 | 0 | 0 | 0 |
| 0 | 0 | X | O | 0 | 0 | 0 | X | X | 0 | 0 | 0 | X | X | 0 | 0 | 0 | X | X | 0 | 0 | 0 | X | X | 0 | 0 | 0 | X | X | 0 | 0 | 0 | X | X | 0 | 0 |
| 0 | 0 | O | O | 0 | 0 | 0 | X | O | 0 | 0 | 0 | X | X | 0 | 0 | 0 | X | X | 0 | 0 | 0 | X | X | 0 | 0 | 0 | X | X | 0 | 0 | 0 | X | X | 0 | 0 |
| 0 | 0 | O | O | 0 | 0 | 0 | X | O | 0 | 0 | 0 | X | X | 0 | 0 | 0 | X | X | 0 | 0 | 0 | X | X | 0 | 0 | 0 | X | X | 0 | 0 | 0 | X | X | 0 | 0 |
| 0 | 0 | O | X | 0 | 0 | 0 | X | O | 0 | 0 | 0 | X | X | 0 | 0 | 0 | X | X | 0 | 0 | 0 | X | X | 0 | 0 | 0 | X | X | 0 | 0 | 0 | X | X | 0 | 0 |
| 0 | 0 | X | X | 0 | 0 | 0 | X | X | 0 | 0 | 0 | X | X | 0 | 0 | 0 | X | X | 0 | 0 | 0 | X | X | 0 | 0 | 0 | X | X | 0 | 0 | 0 | X | X | 0 | 0 |
| 0 | 0 | O | X | 0 | 0 | 0 | X | X | 0 | 0 | 0 | X | X | 0 | 0 | 0 | X | X | 0 | 0 | 0 | X | X | 0 | 0 | 0 | X | X | 0 | 0 | 0 | X | X | 0 | 0 |
| 0 | 0 | X | X | 0 | 0 | 0 | X | X | 0 | 0 | 0 | X | X | 0 | 0 | 0 | X | X | 0 | 0 | 0 | X | X | 0 | 0 | 0 | X | X | 0 | 0 | 0 | X | X | 0 | 0 |
| 0 | 0 | X | X | 0 | 0 | 0 | X | X | 0 | 0 | 0 | X | X | 0 | 0 | 0 | X | X | 0 | 0 | 0 | X | X | 0 | 0 | 0 | X | X | 0 | 0 | 0 | X | X | 0 | 0 |
| 0 | 0 | X | X | 0 | 0 | 0 | X | X | 0 | 0 | 0 | X | X | 0 | 0 | 0 | X | X | 0 | 0 | 0 | X | X | 0 | 0 | 0 | X | X | 0 | 0 | 0 | X | X | 0 | 0 |
| 0 | 0 | X | X | 0 | 0 | 0 | X | X | 0 | 0 | 0 | X | X | 0 | 0 | 0 | X | X | 0 | 0 | 0 | X | X | 0 | 0 | 0 | X | X | 0 | 0 | 0 | X | X | 0 | 0 |
| 0 | 0 | X | X | 0 | 0 | 0 | X | X | 0 | 0 | 0 | X | X | 0 | 0 | 0 | X | X | 0 | 0 | 0 | X | X | 0 | 0 | 0 | X | X | 0 | 0 | 0 | X | X | 0 | 0 |
| 0 | 0 | 0 | 0 | 0 | 0 | 0 | 0 | 0 | 0 | 0 | 0 | 0 | 0 | 0 | 0 | 0 | 0 | 0 | 0 | 0 | 0 | 0 | 0 | 0 | 0 | 0 | 0 | 0 | 0 | 0 | 0 | 0 | 0 | 0 | 0 |
| 0 | 0 | 0 | 0 | 0 | 0 | 0 | 0 | 0 | 0 | 0 | 0 | 0 | 0 | 0 | 0 | 0 | 0 | 0 | 0 | 0 | 0 | 0 | 0 | 0 | 0 | 0 | 0 | 0 | 0 | 0 | 0 | 0 | 0 | 0 | 0 |
| 0 | 0 | 0 | 0 | 0 | 0 | 0 | 0 | 0 | 0 | 0 | 0 | 0 | 0 | 0 | 0 | 0 | 0 | 0 | 0 | 0 | 0 | 0 | 0 | 0 | 0 | 0 | 0 | 0 | 0 | 0 | 0 | 0 | 0 | 0 | 0 |
| 0 | 0 | 0 | 0 | 0 | 0 | 0 | 0 | 0 | 0 | 0 | 0 | 0 | 0 | 0 | 0 | 0 | 0 | 0 | 0 | 0 | 0 | 0 | 0 | 0 | 0 | 0 | 0 | 0 | 0 | 0 | 0 | 0 | 0 | 0 | 0 |
| 0 | 0 | X | X | 0 | 0 | 0 | X | X | 0 | 0 | 0 | X | X | 0 | 0 | 0 | X | X | 0 | 0 | 0 | X | X | 0 | 0 | 0 | X | X | 0 | 0 | 0 | X | X | 0 | 0 |
| 0 | 0 | X | X | 0 | 0 | 0 | X | X | 0 | 0 | 0 | X | X | 0 | 0 | 0 | X | X | 0 | 0 | 0 | X | X | 0 | 0 | 0 | X | X | 0 | 0 | 0 | X | X | 0 | 0 |
| 0 | 0 | X | X | 0 | 0 | 0 | X | X | 0 | 0 | 0 | X | X | 0 | 0 | 0 | X | X | 0 | 0 | 0 | X | X | 0 | 0 | 0 | X | X | 0 | 0 | 0 | X | X | 0 | 0 |
| 0 | 0 | X | X | 0 | 0 | 0 | X | X | 0 | 0 | 0 | X | X | 0 | 0 | 0 | X | X | 0 | 0 | 0 | X | X | 0 | 0 | 0 | X | X | 0 | 0 | 0 | X | X | 0 | 0 |
| 0 | 0 | X | X | 0 | 0 | 0 | X | X | 0 | 0 | 0 | X | X | 0 | 0 | 0 | X | X | 0 | 0 | 0 | X | X | 0 | 0 | 0 | X | X | 0 | 0 | 0 | X | X | 0 | 0 |
| 0 | 0 | X | X | 0 | 0 | 0 | X | X | 0 | 0 | 0 | X | X | 0 | 0 | 0 | X | X | 0 | 0 | 0 | X | X | 0 | 0 | 0 | X | X | 0 | 0 | 0 | X | X | 0 | 0 |
| 0 | 0 | X | X | 0 | 0 | 0 | X | X | 0 | 0 | 0 | X | X | 0 | 0 | 0 | X | X | 0 | 0 | 0 | X | X | 0 | 0 | 0 | X | X | 0 | 0 | 0 | X | X | 0 | 0 |
| 0 | 0 | X | X | 0 | 0 | 0 | X | X | 0 | 0 | 0 | X | X | 0 | 0 | 0 | X | X | 0 | 0 | 0 | X | X | 0 | 0 | 0 | X | X | 0 | 0 | 0 | X | X | 0 | 0 |
| 0 | 0 | X | X | 0 | 0 | 0 | X | X | 0 | 0 | 0 | X | X | 0 | 0 | 0 | X | X | 0 | 0 | 0 | X | X | 0 | 0 | 0 | X | X | 0 | 0 | 0 | X | X | 0 | 0 |
| 0 | 0 | X | X | 0 | 0 | 0 | X | X | 0 | 0 | 0 | X | X | 0 | 0 | 0 | X | X | 0 | 0 | 0 | X | X | 0 | 0 | 0 | X | X | 0 | 0 | 0 | X | X | 0 | 0 |
| 0 | 0 | X | X | 0 | 0 | 0 | X | X | 0 | 0 | 0 | X | X | 0 | 0 | 0 | X | X | 0 | 0 | 0 | X | X | 0 | 0 | 0 | X | X | 0 | 0 | 0 | X | X | 0 | 0 |
| 0 | 0 | 0 | 0 | 0 | 0 | 0 | 0 | 0 | 0 | 0 | 0 | 0 | 0 | 0 | 0 | 0 | 0 | 0 | 0 | 0 | 0 | 0 | 0 | 0 | 0 | 0 | 0 | 0 | 0 | 0 | 0 | 0 | 0 | 0 | 0 |
| 0 | 0 | 0 | 0 | 0 | 0 | 0 | 0 | 0 | 0 | 0 | 0 | 0 | 0 | 0 | 0 | 0 | 0 | 0 | 0 | 0 | 0 | 0 | 0 | 0 | 0 | 0 | 0 | 0 | 0 | 0 | 0 | 0 | 0 | 0 | 0 |
| 0 | 0 | 0 | 0 | 0 | 0 | 0 | 0 | 0 | 0 | 0 | 0 | 0 | 0 | 0 | 0 | 0 | 0 | 0 | 0 | 0 | 0 | 0 | 0 | 0 | 0 | 0 | 0 | 0 | 0 | 0 | 0 | 0 | 0 | 0 | 0 |
| 0 | 0 | 0 | 0 | 0 | 0 | 0 | 0 | 0 | 0 | 0 | 0 | 0 | 0 | 0 | 0 | 0 | 0 | 0 | 0 | 0 | 0 | 0 | 0 | 0 | 0 | 0 | 0 | 0 | 0 | 0 | 0 | 0 | 0 | 0 | 0 |
| 0 | 0 | 0 | 0 | 0 | X | X | X | X | X | X | X | X | X | X | X | 0 | 0 | 0 | 0 | X | X | X | X | X | X | X | X | X | X | X | 0 | 0 | 0 | 0 | 0 |
| 0 | 0 | 0 | 0 | 0 | X | X | X | X | X | X | X | X | X | X | X | 0 | 0 | 0 | 0 | X | X | X | X | X | X | X | X | X | X | X | 0 | 0 | 0 | 0 | 0 |
| 0 | 0 | 0 | 0 | 0 | 0 | 0 | 0 | 0 | 0 | 0 | 0 | 0 | 0 | 0 | 0 | 0 | 0 | 0 | 0 | 0 | 0 | 0 | 0 | 0 | 0 | 0 | 0 | 0 | 0 | 0 | 0 | 0 | 0 | 0 | 0 |
| 0 | 0 | 0 | 0 | 0 | 0 | 0 | 0 | 0 | 0 | 0 | 0 | 0 | 0 | 0 | 0 | 0 | 0 | 0 | 0 | 0 | 0 | 0 | 0 | 0 | 0 | 0 | 0 | 0 | 0 | 0 | 0 | 0 | 0 | 0 | 0 |
0, 0, 0, -1
0, 1, 0, -1
0, 2, 0, -1
0, 3, 0, -1
0, 4, 0, -1
0, 5, 0, -1
0, 6, 0, -1
0, 7, 0, -1
0, 8, 0, -1
0, 9, 0, -1
0, 10, 0, -1
0, 11, 0, -1
0, 12, 0, -1
0, 13, 0, -1
0, 14, 0, -1
0, 15, 0, -1
0, 16, 0, -1
0, 17, 0, -1
0, 18, 0, -1
0, 19, 0, -1
0, 20, 0, -1
0, 21, 0, -1
0, 22, 0, -1
0, 23, 0, -1
0, 24, 0, -1
0, 25, 0, -1
0, 26, 0, -1
0, 27, 0, -1
0, 28, 0, -1
0, 29, 0, -1
0, 30, 0, -1
0, 31, 0, -1
0, 32, 0, -1
0, 33, 0, -1
0, 34, 0, -1
0, 35, 0, -1
1, 0, 0, -1
1, 1, 0, -1
1, 2, 0, -1
1, 3, 0, -1
1, 4, 0, -1
1, 5, 0, -1
1, 6, 0, -1
1, 7, 0, -1
1, 8, 0, -1
1, 9, 0, -1
1, 10, 0, -1
1, 11, 0, -1
1, 12, 0, -1
1, 13, 0, -1
1, 14, 0, -1
1, 15, 0, -1
1, 16, 0, -1
1, 17, 0, -1
1, 18, 0, -1
1, 19, 0, -1
1, 20, 0, -1
1, 21, 0, -1
1, 22, 0, -1
1, 23, 0, -1
1, 24, 0, -1
1, 25, 0, -1
1, 26, 0, -1
1, 27, 0, -1
1, 28, 0, -1
1, 29, 0, -1
1, 30, 0, -1
1, 31, 0, -1
1, 32, 0, -1
1, 33, 0, -1
1, 34, 0, -1
1, 35, 0, -1
2, 0, 0, -1
2, 1, 0, -1
2, 2, X, 1
2, 3, O, 2
2, 4, 0, -1
2, 5, 0, -1
2, 6, 0, -1
2, 7, X, 3
2, 8, X, 4
2, 9, 0, -1
2, 10, 0, -1
2, 11, 0, -1
2, 12, X, 5
2, 13, X, 6
2, 14, 0, -1
2, 15, 0, -1
2, 16, 0, -1
2, 17, X, 7
2, 18, X, 8
2, 19, 0, -1
2, 20, 0, -1
2, 21, 0, -1
2, 22, X, 9
2, 23, X, 10
2, 24, 0, -1
2, 25, 0, -1
2, 26, 0, -1
2, 27, X, 11
2, 28, X, 12
2, 29, 0, -1
2, 30, 0, -1
2, 31, 0, -1
2, 32, X, 13
2, 33, X, 14
2, 34, 0, -1
2, 35, 0, -1
3, 0, 0, -1
3, 1, 0, -1
3, 2, O, 1
3, 3, O, 2
3, 4, 0, -1
3, 5, 0, -1
3, 6, 0, -1
3, 7, X, 3
3, 8, O, 4
3, 9, 0, -1
3, 10, 0, -1
3, 11, 0, -1
3, 12, X, 5
3, 13, X, 6
3, 14, 0, -1
3, 15, 0, -1
3, 16, 0, -1
3, 17, X, 7
3, 18, X, 8
3, 19, 0, -1
3, 20, 0, -1
3, 21, 0, -1
3, 22, X, 9
3, 23, X, 10
3, 24, 0, -1
3, 25, 0, -1
3, 26, 0, -1
3, 27, X, 11
3, 28, X, 12
3, 29, 0, -1
3, 30, 0, -1
3, 31, 0, -1
3, 32, X, 13
3, 33, X, 14
3, 34, 0, -1
3, 35, 0, -1
4, 0, 0, -1
4, 1, 0, -1
4, 2, O, 1
4, 3, O, 2
4, 4, 0, -1
4, 5, 0, -1
4, 6, 0, -1
4, 7, X, 3
4, 8, O, 4
4, 9, 0, -1
4, 10, 0, -1
4, 11, 0, -1
4, 12, X, 5
4, 13, X, 6
4, 14, 0, -1
4, 15, 0, -1
4, 16, 0, -1
4, 17, X, 7
4, 18, X, 8
4, 19, 0, -1
4, 20, 0, -1
4, 21, 0, -1
4, 22, X, 9
4, 23, X, 10
4, 24, 0, -1
4, 25, 0, -1
4, 26, 0, -1
4, 27, X, 11
4, 28, X, 12
4, 29, 0, -1
4, 30, 0, -1
4, 31, 0, -1
4, 32, X, 13
4, 33, X, 14
4, 34, 0, -1
4, 35, 0, -1
5, 0, 0, -1
5, 1, 0, -1
5, 2, O, 1
5, 3, X, 2
5, 4, 0, -1
5, 5, 0, -1
5, 6, 0, -1
5, 7, X, 3
5, 8, O, 4
5, 9, 0, -1
5, 10, 0, -1
5, 11, 0, -1
5, 12, X, 5
5, 13, X, 6
5, 14, 0, -1
5, 15, 0, -1
5, 16, 0, -1
5, 17, X, 7
5, 18, X, 8
5, 19, 0, -1
5, 20, 0, -1
5, 21, 0, -1
5, 22, X, 9
5, 23, X, 10
5, 24, 0, -1
5, 25, 0, -1
5, 26, 0, -1
5, 27, X, 11
5, 28, X, 12
5, 29, 0, -1
5, 30, 0, -1
5, 31, 0, -1
5, 32, X, 13
5, 33, X, 14
5, 34, 0, -1
5, 35, 0, -1
6, 0, 0, -1
6, 1, 0, -1
6, 2, X, 1
6, 3, X, 2
6, 4, 0, -1
6, 5, 0, -1
6, 6, 0, -1
6, 7, X, 3
6, 8, X, 4
6, 9, 0, -1
6, 10, 0, -1
6, 11, 0, -1
6, 12, X, 5
6, 13, X, 6
6, 14, 0, -1
6, 15, 0, -1
6, 16, 0, -1
6, 17, X, 7
6, 18, X, 8
6, 19, 0, -1
6, 20, 0, -1
6, 21, 0, -1
6, 22, X, 9
6, 23, X, 10
6, 24, 0, -1
6, 25, 0, -1
6, 26, 0, -1
6, 27, X, 11
6, 28, X, 12
6, 29, 0, -1
6, 30, 0, -1
6, 31, 0, -1
6, 32, X, 13
6, 33, X, 14
6, 34, 0, -1
6, 35, 0, -1
7, 0, 0, -1
7, 1, 0, -1
7, 2, O, 1
7, 3, X, 2
7, 4, 0, -1
7, 5, 0, -1
7, 6, 0, -1
7, 7, X, 3
7, 8, X, 4
7, 9, 0, -1
7, 10, 0, -1
7, 11, 0, -1
7, 12, X, 5
7, 13, X, 6
7, 14, 0, -1
7, 15, 0, -1
7, 16, 0, -1
7, 17, X, 7
7, 18, X, 8
7, 19, 0, -1
7, 20, 0, -1
7, 21, 0, -1
7, 22, X, 9
7, 23, X, 10
7, 24, 0, -1
7, 25, 0, -1
7, 26, 0, -1
7, 27, X, 11
7, 28, X, 12
7, 29, 0, -1
7, 30, 0, -1
7, 31, 0, -1
7, 32, X, 13
7, 33, X, 14
7, 34, 0, -1
7, 35, 0, -1
8, 0, 0, -1
8, 1, 0, -1
8, 2, X, 1
8, 3, X, 2
8, 4, 0, -1
8, 5, 0, -1
8, 6, 0, -1
8, 7, X, 3
8, 8, X, 4
8, 9, 0, -1
8, 10, 0, -1
8, 11, 0, -1
8, 12, X, 5
8, 13, X, 6
8, 14, 0, -1
8, 15, 0, -1
8, 16, 0, -1
8, 17, X, 7
8, 18, X, 8
8, 19, 0, -1
8, 20, 0, -1
8, 21, 0, -1
8, 22, X, 9
8, 23, X, 10
8, 24, 0, -1
8, 25, 0, -1
8, 26, 0, -1
8, 27, X, 11
8, 28, X, 12
8, 29, 0, -1
8, 30, 0, -1
8, 31, 0, -1
8, 32, X, 13
8, 33, X, 14
8, 34, 0, -1
8, 35, 0, -1
9, 0, 0, -1
9, 1, 0, -1
9, 2, X, 1
9, 3, X, 2
9, 4, 0, -1
9, 5, 0, -1
9, 6, 0, -1
9, 7, X, 3
9, 8, X, 4
9, 9, 0, -1
9, 10, 0, -1
9, 11, 0, -1
9, 12, X, 5
9, 13, X, 6
9, 14, 0, -1
9, 15, 0, -1
9, 16, 0, -1
9, 17, X, 7
9, 18, X, 8
9, 19, 0, -1
9, 20, 0, -1
9, 21, 0, -1
9, 22, X, 9
9, 23, X, 10
9, 24, 0, -1
9, 25, 0, -1
9, 26, 0, -1
9, 27, X, 11
9, 28, X, 12
9, 29, 0, -1
9, 30, 0, -1
9, 31, 0, -1
9, 32, X, 13
9, 33, X, 14
9, 34, 0, -1
9, 35, 0, -1
10, 0, 0, -1
10, 1, 0, -1
10, 2, X, 1
10, 3, X, 2
10, 4, 0, -1
10, 5, 0, -1
10, 6, 0, -1
10, 7, X, 3
10, 8, X, 4
10, 9, 0, -1
10, 10, 0, -1
10, 11, 0, -1
10, 12, X, 5
10, 13, X, 6
10, 14, 0, -1
10, 15, 0, -1
10, 16, 0, -1
10, 17, X, 7
10, 18, X, 8
10, 19, 0, -1
10, 20, 0, -1
10, 21, 0, -1
10, 22, X, 9
10, 23, X, 10
10, 24, 0, -1
10, 25, 0, -1
10, 26, 0, -1
10, 27, X, 11
10, 28, X, 12
10, 29, 0, -1
10, 30, 0, -1
10, 31, 0, -1
10, 32, X, 13
10, 33, X, 14
10, 34, 0, -1
10, 35, 0, -1
11, 0, 0, -1
11, 1, 0, -1
11, 2, X, 1
11, 3, X, 2
11, 4, 0, -1
11, 5, 0, -1
11, 6, 0, -1
11, 7, X, 3
11, 8, X, 4
11, 9, 0, -1
11, 10, 0, -1
11, 11, 0, -1
11, 12, X, 5
11, 13, X, 6
11, 14, 0, -1
11, 15, 0, -1
11, 16, 0, -1
11, 17, X, 7
11, 18, X, 8
11, 19, 0, -1
11, 20, 0, -1
11, 21, 0, -1
11, 22, X, 9
11, 23, X, 10
11, 24, 0, -1
11, 25, 0, -1
11, 26, 0, -1
11, 27, X, 11
11, 28, X, 12
11, 29, 0, -1
11, 30, 0, -1
11, 31, 0, -1
11, 32, X, 13
11, 33, X, 14
11, 34, 0, -1
11, 35, 0, -1
12, 0, 0, -1
12, 1, 0, -1
12, 2, X, 1
12, 3, X, 2
12, 4, 0, -1
12, 5, 0, -1
12, 6, 0, -1
12, 7, X, 3
12, 8, X, 4
12, 9, 0, -1
12, 10, 0, -1
12, 11, 0, -1
12, 12, X, 5
12, 13, X, 6
12, 14, 0, -1
12, 15, 0, -1
12, 16, 0, -1
12, 17, X, 7
12, 18, X, 8
12, 19, 0, -1
12, 20, 0, -1
12, 21, 0, -1
12, 22, X, 9
12, 23, X, 10
12, 24, 0, -1
12, 25, 0, -1
12, 26, 0, -1
12, 27, X, 11
12, 28, X, 12
12, 29, 0, -1
12, 30, 0, -1
12, 31, 0, -1
12, 32, X, 13
12, 33, X, 14
12, 34, 0, -1
12, 35, 0, -1
13, 0, 0, -1
13, 1, 0, -1
13, 2, 0, -1
13, 3, 0, -1
13, 4, 0, -1
13, 5, 0, -1
13, 6, 0, -1
13, 7, 0, -1
13, 8, 0, -1
13, 9, 0, -1
13, 10, 0, -1
13, 11, 0, -1
13, 12, 0, -1
13, 13, 0, -1
13, 14, 0, -1
13, 15, 0, -1
13, 16, 0, -1
13, 17, 0, -1
13, 18, 0, -1
13, 19, 0, -1
13, 20, 0, -1
13, 21, 0, -1
13, 22, 0, -1
13, 23, 0, -1
13, 24, 0, -1
13, 25, 0, -1
13, 26, 0, -1
13, 27, 0, -1
13, 28, 0, -1
13, 29, 0, -1
13, 30, 0, -1
13, 31, 0, -1
13, 32, 0, -1
13, 33, 0, -1
13, 34, 0, -1
13, 35, 0, -1
14, 0, 0, -1
14, 1, 0, -1
14, 2, 0, -1
14, 3, 0, -1
14, 4, 0, -1
14, 5, 0, -1
14, 6, 0, -1
14, 7, 0, -1
14, 8, 0, -1
14, 9, 0, -1
14, 10, 0, -1
14, 11, 0, -1
14, 12, 0, -1
14, 13, 0, -1
14, 14, 0, -1
14, 15, 0, -1
14, 16, 0, -1
14, 17, 0, -1
14, 18, 0, -1
14, 19, 0, -1
14, 20, 0, -1
14, 21, 0, -1
14, 22, 0, -1
14, 23, 0, -1
14, 24, 0, -1
14, 25, 0, -1
14, 26, 0, -1
14, 27, 0, -1
14, 28, 0, -1
14, 29, 0, -1
14, 30, 0, -1
14, 31, 0, -1
14, 32, 0, -1
14, 33, 0, -1
14, 34, 0, -1
14, 35, 0, -1
15, 0, 0, -1
15, 1, 0, -1
15, 2, 0, -1
15, 3, 0, -1
15, 4, 0, -1
15, 5, 0, -1
15, 6, 0, -1
15, 7, 0, -1
15, 8, 0, -1
15, 9, 0, -1
15, 10, 0, -1
15, 11, 0, -1
15, 12, 0, -1
15, 13, 0, -1
15, 14, 0, -1
15, 15, 0, -1
15, 16, 0, -1
15, 17, 0, -1
15, 18, 0, -1
15, 19, 0, -1
15, 20, 0, -1
15, 21, 0, -1
15, 22, 0, -1
15, 23, 0, -1
15, 24, 0, -1
15, 25, 0, -1
15, 26, 0, -1
15, 27, 0, -1
15, 28, 0, -1
15, 29, 0, -1
15, 30, 0, -1
15, 31, 0, -1
15, 32, 0, -1
15, 33, 0, -1
15, 34, 0, -1
15, 35, 0, -1
16, 0, 0, -1
16, 1, 0, -1
16, 2, 0, -1
16, 3, 0, -1
16, 4, 0, -1
16, 5, 0, -1
16, 6, 0, -1
16, 7, 0, -1
16, 8, 0, -1
16, 9, 0, -1
16, 10, 0, -1
16, 11, 0, -1
16, 12, 0, -1
16, 13, 0, -1
16, 14, 0, -1
16, 15, 0, -1
16, 16, 0, -1
16, 17, 0, -1
16, 18, 0, -1
16, 19, 0, -1
16, 20, 0, -1
16, 21, 0, -1
16, 22, 0, -1
16, 23, 0, -1
16, 24, 0, -1
16, 25, 0, -1
16, 26, 0, -1
16, 27, 0, -1
16, 28, 0, -1
16, 29, 0, -1
16, 30, 0, -1
16, 31, 0, -1
16, 32, 0, -1
16, 33, 0, -1
16, 34, 0, -1
16, 35, 0, -1
17, 0, 0, -1
17, 1, 0, -1
17, 2, X, 15
17, 3, X, 16
17, 4, 0, -1
17, 5, 0, -1
17, 6, 0, -1
17, 7, X, 17
17, 8, X, 18
17, 9, 0, -1
17, 10, 0, -1
17, 11, 0, -1
17, 12, X, 19
17, 13, X, 20
17, 14, 0, -1
17, 15, 0, -1
17, 16, 0, -1
17, 17, X, 21
17, 18, X, 22
17, 19, 0, -1
17, 20, 0, -1
17, 21, 0, -1
17, 22, X, 23
17, 23, X, 24
17, 24, 0, -1
17, 25, 0, -1
17, 26, 0, -1
17, 27, X, 25
17, 28, X, 26
17, 29, 0, -1
17, 30, 0, -1
17, 31, 0, -1
17, 32, X, 27
17, 33, X, 28
17, 34, 0, -1
17, 35, 0, -1
18, 0, 0, -1
18, 1, 0, -1
18, 2, X, 15
18, 3, X, 16
18, 4, 0, -1
18, 5, 0, -1
18, 6, 0, -1
18, 7, X, 17
18, 8, X, 18
18, 9, 0, -1
18, 10, 0, -1
18, 11, 0, -1
18, 12, X, 19
18, 13, X, 20
18, 14, 0, -1
18, 15, 0, -1
18, 16, 0, -1
18, 17, X, 21
18, 18, X, 22
18, 19, 0, -1
18, 20, 0, -1
18, 21, 0, -1
18, 22, X, 23
18, 23, X, 24
18, 24, 0, -1
18, 25, 0, -1
18, 26, 0, -1
18, 27, X, 25
18, 28, X, 26
18, 29, 0, -1
18, 30, 0, -1
18, 31, 0, -1
18, 32, X, 27
18, 33, X, 28
18, 34, 0, -1
18, 35, 0, -1
19, 0, 0, -1
19, 1, 0, -1
19, 2, X, 15
19, 3, X, 16
19, 4, 0, -1
19, 5, 0, -1
19, 6, 0, -1
19, 7, X, 17
19, 8, X, 18
19, 9, 0, -1
19, 10, 0, -1
19, 11, 0, -1
19, 12, X, 19
19, 13, X, 20
19, 14, 0, -1
19, 15, 0, -1
19, 16, 0, -1
19, 17, X, 21
19, 18, X, 22
19, 19, 0, -1
19, 20, 0, -1
19, 21, 0, -1
19, 22, X, 23
19, 23, X, 24
19, 24, 0, -1
19, 25, 0, -1
19, 26, 0, -1
19, 27, X, 25
19, 28, X, 26
19, 29, 0, -1
19, 30, 0, -1
19, 31, 0, -1
19, 32, X, 27
19, 33, X, 28
19, 34, 0, -1
19, 35, 0, -1
20, 0, 0, -1
20, 1, 0, -1
20, 2, X, 15
20, 3, X, 16
20, 4, 0, -1
20, 5, 0, -1
20, 6, 0, -1
20, 7, X, 17
20, 8, X, 18
20, 9, 0, -1
20, 10, 0, -1
20, 11, 0, -1
20, 12, X, 19
20, 13, X, 20
20, 14, 0, -1
20, 15, 0, -1
20, 16, 0, -1
20, 17, X, 21
20, 18, X, 22
20, 19, 0, -1
20, 20, 0, -1
20, 21, 0, -1
20, 22, X, 23
20, 23, X, 24
20, 24, 0, -1
20, 25, 0, -1
20, 26, 0, -1
20, 27, X, 25
20, 28, X, 26
20, 29, 0, -1
20, 30, 0, -1
20, 31, 0, -1
20, 32, X, 27
20, 33, X, 28
20, 34, 0, -1
20, 35, 0, -1
21, 0, 0, -1
21, 1, 0, -1
21, 2, X, 15
21, 3, X, 16
21, 4, 0, -1
21, 5, 0, -1
21, 6, 0, -1
21, 7, X, 17
21, 8, X, 18
21, 9, 0, -1
21, 10, 0, -1
21, 11, 0, -1
21, 12, X, 19
21, 13, X, 20
21, 14, 0, -1
21, 15, 0, -1
21, 16, 0, -1
21, 17, X, 21
21, 18, X, 22
21, 19, 0, -1
21, 20, 0, -1
21, 21, 0, -1
21, 22, X, 23
21, 23, X, 24
21, 24, 0, -1
21, 25, 0, -1
21, 26, 0, -1
21, 27, X, 25
21, 28, X, 26
21, 29, 0, -1
21, 30, 0, -1
21, 31, 0, -1
21, 32, X, 27
21, 33, X, 28
21, 34, 0, -1
21, 35, 0, -1
22, 0, 0, -1
22, 1, 0, -1
22, 2, X, 15
22, 3, X, 16
22, 4, 0, -1
22, 5, 0, -1
22, 6, 0, -1
22, 7, X, 17
22, 8, X, 18
22, 9, 0, -1
22, 10, 0, -1
22, 11, 0, -1
22, 12, X, 19
22, 13, X, 20
22, 14, 0, -1
22, 15, 0, -1
22, 16, 0, -1
22, 17, X, 21
22, 18, X, 22
22, 19, 0, -1
22, 20, 0, -1
22, 21, 0, -1
22, 22, X, 23
22, 23, X, 24
22, 24, 0, -1
22, 25, 0, -1
22, 26, 0, -1
22, 27, X, 25
22, 28, X, 26
22, 29, 0, -1
22, 30, 0, -1
22, 31, 0, -1
22, 32, X, 27
22, 33, X, 28
22, 34, 0, -1
22, 35, 0, -1
23, 0, 0, -1
23, 1, 0, -1
23, 2, X, 15
23, 3, X, 16
23, 4, 0, -1
23, 5, 0, -1
23, 6, 0, -1
23, 7, X, 17
23, 8, X, 18
23, 9, 0, -1
23, 10, 0, -1
23, 11, 0, -1
23, 12, X, 19
23, 13, X, 20
23, 14, 0, -1
23, 15, 0, -1
23, 16, 0, -1
23, 17, X, 21
23, 18, X, 22
23, 19, 0, -1
23, 20, 0, -1
23, 21, 0, -1
23, 22, X, 23
23, 23, X, 24
23, 24, 0, -1
23, 25, 0, -1
23, 26, 0, -1
23, 27, X, 25
23, 28, X, 26
23, 29, 0, -1
23, 30, 0, -1
23, 31, 0, -1
23, 32, X, 27
23, 33, X, 28
23, 34, 0, -1
23, 35, 0, -1
24, 0, 0, -1
24, 1, 0, -1
24, 2, X, 15
24, 3, X, 16
24, 4, 0, -1
24, 5, 0, -1
24, 6, 0, -1
24, 7, X, 17
24, 8, X, 18
24, 9, 0, -1
24, 10, 0, -1
24, 11, 0, -1
24, 12, X, 19
24, 13, X, 20
24, 14, 0, -1
24, 15, 0, -1
24, 16, 0, -1
24, 17, X, 21
24, 18, X, 22
24, 19, 0, -1
24, 20, 0, -1
24, 21, 0, -1
24, 22, X, 23
24, 23, X, 24
24, 24, 0, -1
24, 25, 0, -1
24, 26, 0, -1
24, 27, X, 25
24, 28, X, 26
24, 29, 0, -1
24, 30, 0, -1
24, 31, 0, -1
24, 32, X, 27
24, 33, X, 28
24, 34, 0, -1
24, 35, 0, -1
25, 0, 0, -1
25, 1, 0, -1
25, 2, X, 15
25, 3, X, 16
25, 4, 0, -1
25, 5, 0, -1
25, 6, 0, -1
25, 7, X, 17
25, 8, X, 18
25, 9, 0, -1
25, 10, 0, -1
25, 11, 0, -1
25, 12, X, 19
25, 13, X, 20
25, 14, 0, -1
25, 15, 0, -1
25, 16, 0, -1
25, 17, X, 21
25, 18, X, 22
25, 19, 0, -1
25, 20, 0, -1
25, 21, 0, -1
25, 22, X, 23
25, 23, X, 24
25, 24, 0, -1
25, 25, 0, -1
25, 26, 0, -1
25, 27, X, 25
25, 28, X, 26
25, 29, 0, -1
25, 30, 0, -1
25, 31, 0, -1
25, 32, X, 27
25, 33, X, 28
25, 34, 0, -1
25, 35, 0, -1
26, 0, 0, -1
26, 1, 0, -1
26, 2, X, 15
26, 3, X, 16
26, 4, 0, -1
26, 5, 0, -1
26, 6, 0, -1
26, 7, X, 17
26, 8, X, 18
26, 9, 0, -1
26, 10, 0, -1
26, 11, 0, -1
26, 12, X, 19
26, 13, X, 20
26, 14, 0, -1
26, 15, 0, -1
26, 16, 0, -1
26, 17, X, 21
26, 18, X, 22
26, 19, 0, -1
26, 20, 0, -1
26, 21, 0, -1
26, 22, X, 23
26, 23, X, 24
26, 24, 0, -1
26, 25, 0, -1
26, 26, 0, -1
26, 27, X, 25
26, 28, X, 26
26, 29, 0, -1
26, 30, 0, -1
26, 31, 0, -1
26, 32, X, 27
26, 33, X, 28
26, 34, 0, -1
26, 35, 0, -1
27, 0, 0, -1
27, 1, 0, -1
27, 2, X, 15
27, 3, X, 16
27, 4, 0, -1
27, 5, 0, -1
27, 6, 0, -1
27, 7, X, 17
27, 8, X, 18
27, 9, 0, -1
27, 10, 0, -1
27, 11, 0, -1
27, 12, X, 19
27, 13, X, 20
27, 14, 0, -1
27, 15, 0, -1
27, 16, 0, -1
27, 17, X, 21
27, 18, X, 22
27, 19, 0, -1
27, 20, 0, -1
27, 21, 0, -1
27, 22, X, 23
27, 23, X, 24
27, 24, 0, -1
27, 25, 0, -1
27, 26, 0, -1
27, 27, X, 25
27, 28, X, 26
27, 29, 0, -1
27, 30, 0, -1
27, 31, 0, -1
27, 32, X, 27
27, 33, X, 28
27, 34, 0, -1
27, 35, 0, -1
28, 0, 0, -1
28, 1, 0, -1
28, 2, 0, -1
28, 3, 0, -1
28, 4, 0, -1
28, 5, 0, -1
28, 6, 0, -1
28, 7, 0, -1
28, 8, 0, -1
28, 9, 0, -1
28, 10, 0, -1
28, 11, 0, -1
28, 12, 0, -1
28, 13, 0, -1
28, 14, 0, -1
28, 15, 0, -1
28, 16, 0, -1
28, 17, 0, -1
28, 18, 0, -1
28, 19, 0, -1
28, 20, 0, -1
28, 21, 0, -1
28, 22, 0, -1
28, 23, 0, -1
28, 24, 0, -1
28, 25, 0, -1
28, 26, 0, -1
28, 27, 0, -1
28, 28, 0, -1
28, 29, 0, -1
28, 30, 0, -1
28, 31, 0, -1
28, 32, 0, -1
28, 33, 0, -1
28, 34, 0, -1
28, 35, 0, -1
29, 0, 0, -1
29, 1, 0, -1
29, 2, 0, -1
29, 3, 0, -1
29, 4, 0, -1
29, 5, 0, -1
29, 6, 0, -1
29, 7, 0, -1
29, 8, 0, -1
29, 9, 0, -1
29, 10, 0, -1
29, 11, 0, -1
29, 12, 0, -1
29, 13, 0, -1
29, 14, 0, -1
29, 15, 0, -1
29, 16, 0, -1
29, 17, 0, -1
29, 18, 0, -1
29, 19, 0, -1
29, 20, 0, -1
29, 21, 0, -1
29, 22, 0, -1
29, 23, 0, -1
29, 24, 0, -1
29, 25, 0, -1
29, 26, 0, -1
29, 27, 0, -1
29, 28, 0, -1
29, 29, 0, -1
29, 30, 0, -1
29, 31, 0, -1
29, 32, 0, -1
29, 33, 0, -1
29, 34, 0, -1
29, 35, 0, -1
30, 0, 0, -1
30, 1, 0, -1
30, 2, 0, -1
30, 3, 0, -1
30, 4, 0, -1
30, 5, 0, -1
30, 6, 0, -1
30, 7, 0, -1
30, 8, 0, -1
30, 9, 0, -1
30, 10, 0, -1
30, 11, 0, -1
30, 12, 0, -1
30, 13, 0, -1
30, 14, 0, -1
30, 15, 0, -1
30, 16, 0, -1
30, 17, 0, -1
30, 18, 0, -1
30, 19, 0, -1
30, 20, 0, -1
30, 21, 0, -1
30, 22, 0, -1
30, 23, 0, -1
30, 24, 0, -1
30, 25, 0, -1
30, 26, 0, -1
30, 27, 0, -1
30, 28, 0, -1
30, 29, 0, -1
30, 30, 0, -1
30, 31, 0, -1
30, 32, 0, -1
30, 33, 0, -1
30, 34, 0, -1
30, 35, 0, -1
31, 0, 0, -1
31, 1, 0, -1
31, 2, 0, -1
31, 3, 0, -1
31, 4, 0, -1
31, 5, 0, -1
31, 6, 0, -1
31, 7, 0, -1
31, 8, 0, -1
31, 9, 0, -1
31, 10, 0, -1
31, 11, 0, -1
31, 12, 0, -1
31, 13, 0, -1
31, 14, 0, -1
31, 15, 0, -1
31, 16, 0, -1
31, 17, 0, -1
31, 18, 0, -1
31, 19, 0, -1
31, 20, 0, -1
31, 21, 0, -1
31, 22, 0, -1
31, 23, 0, -1
31, 24, 0, -1
31, 25, 0, -1
31, 26, 0, -1
31, 27, 0, -1
31, 28, 0, -1
31, 29, 0, -1
31, 30, 0, -1
31, 31, 0, -1
31, 32, 0, -1
31, 33, 0, -1
31, 34, 0, -1
31, 35, 0, -1
32, 0, 0, -1
32, 1, 0, -1
32, 2, 0, -1
32, 3, 0, -1
32, 4, 0, -1
32, 5, X, 29
32, 6, X, 29
32, 7, X, 29
32, 8, X, 29
32, 9, X, 29
32, 10, X, 29
32, 11, X, 29
32, 12, X, 29
32, 13, X, 29
32, 14, X, 29
32, 15, X, 29
32, 16, 0, -1
32, 17, 0, -1
32, 18, 0, -1
32, 19, 0, -1
32, 20, X, 31
32, 21, X, 31
32, 22, X, 31
32, 23, X, 31
32, 24, X, 31
32, 25, X, 31
32, 26, X, 31
32, 27, X, 31
32, 28, X, 31
32, 29, X, 31
32, 30, X, 31
32, 31, 0, -1
32, 32, 0, -1
32, 33, 0, -1
32, 34, 0, -1
32, 35, 0, -1
33, 0, 0, -1
33, 1, 0, -1
33, 2, 0, -1
33, 3, 0, -1
33, 4, 0, -1
33, 5, X, 30
33, 6, X, 30
33, 7, X, 30
33, 8, X, 30
33, 9, X, 30
33, 10, X, 30
33, 11, X, 30
33, 12, X, 30
33, 13, X, 30
33, 14, X, 30
33, 15, X, 30
33, 16, 0, -1
33, 17, 0, -1
33, 18, 0, -1
33, 19, 0, -1
33, 20, X, 32
33, 21, X, 32
33, 22, X, 32
33, 23, X, 32
33, 24, X, 32
33, 25, X, 32
33, 26, X, 32
33, 27, X, 32
33, 28, X, 32
33, 29, X, 32
33, 30, X, 32
33, 31, 0, -1
33, 32, 0, -1
33, 33, 0, -1
33, 34, 0, -1
33, 35, 0, -1
34, 0, 0, -1
34, 1, 0, -1
34, 2, 0, -1
34, 3, 0, -1
34, 4, 0, -1
34, 5, 0, -1
34, 6, 0, -1
34, 7, 0, -1
34, 8, 0, -1
34, 9, 0, -1
34, 10, 0, -1
34, 11, 0, -1
34, 12, 0, -1
34, 13, 0, -1
34, 14, 0, -1
34, 15, 0, -1
34, 16, 0, -1
34, 17, 0, -1
34, 18, 0, -1
34, 19, 0, -1
34, 20, 0, -1
34, 21, 0, -1
34, 22, 0, -1
34, 23, 0, -1
34, 24, 0, -1
34, 25, 0, -1
34, 26, 0, -1
34, 27, 0, -1
34, 28, 0, -1
34, 29, 0, -1
34, 30, 0, -1
34, 31, 0, -1
34, 32, 0, -1
34, 33, 0, -1
34, 34, 0, -1
34, 35, 0, -1
35, 0, 0, -1
35, 1, 0, -1
35, 2, 0, -1
35, 3, 0, -1
35, 4, 0, -1
35, 5, 0, -1
35, 6, 0, -1
35, 7, 0, -1
35, 8, 0, -1
35, 9, 0, -1
35, 10, 0, -1
35, 11, 0, -1
35, 12, 0, -1
35, 13, 0, -1
35, 14, 0, -1
35, 15, 0, -1
35, 16, 0, -1
35, 17, 0, -1
35, 18, 0, -1
35, 19, 0, -1
35, 20, 0, -1
35, 21, 0, -1
35, 22, 0, -1
35, 23, 0, -1
35, 24, 0, -1
35, 25, 0, -1
35, 26, 0, -1
35, 27, 0, -1
35, 28, 0, -1
35, 29, 0, -1
35, 30, 0, -1
35, 31, 0, -1
35, 32, 0, -1
35, 33, 0, -1
35, 34, 0, -1
35, 35, 0, -1
